0
*********************

Time: 1
Clienti in coada:
 [6,2,3] [9,2,5] [23,2,4] [26,2,1] [25,3,5] [2,4,1] [15,6,2] [33,6,4] [4,7,3] [0,8,2] [14,10,6] [39,11,3] [46,11,4] [5,14,3] [43,14,5] [21,15,3] [22,15,3] [36,15,2] [47,15,5] [18,16,2] [20,16,1] [8,17,6] [30,21,6] [11,22,6] [42,22,5] [7,23,2] [10,23,2] [40,26,3] [24,27,2] [31,27,1] [34,27,3] [35,27,4] [1,28,6] [27,28,2] [29,28,3] [19,29,2] [32,29,6] [28,30,3] [41,30,2] [13,31,1] [38,32,5] [44,34,4] [45,34,5] [48,34,3] [49,34,1] [16,35,1] [17,35,2] [12,36,2] [37,37,6] [3,38,4]
Coada 1:   goala!
Coada 2:   goala!
Coada 3:   goala!
Coada 4:   goala!
Coada 5:   goala!
************************************

4
*********************

Time: 2
Clienti in coada:
 [25,3,5] [2,4,1] [15,6,2] [33,6,4] [4,7,3] [0,8,2] [14,10,6] [39,11,3] [46,11,4] [5,14,3] [43,14,5] [21,15,3] [22,15,3] [36,15,2] [47,15,5] [18,16,2] [20,16,1] [8,17,6] [30,21,6] [11,22,6] [42,22,5] [7,23,2] [10,23,2] [40,26,3] [24,27,2] [31,27,1] [34,27,3] [35,27,4] [1,28,6] [27,28,2] [29,28,3] [19,29,2] [32,29,6] [28,30,3] [41,30,2] [13,31,1] [38,32,5] [44,34,4] [45,34,5] [48,34,3] [49,34,1] [16,35,1] [17,35,2] [12,36,2] [37,37,6] [3,38,4]
Coada 1:  [6,2,2]
Coada 2:  [9,2,4]
Coada 3:  [23,2,3]
Coada 4:   goala!
Coada 5:   goala!
************************************

4
*********************

Time: 3
Clienti in coada:
 [2,4,1] [15,6,2] [33,6,4] [4,7,3] [0,8,2] [14,10,6] [39,11,3] [46,11,4] [5,14,3] [43,14,5] [21,15,3] [22,15,3] [36,15,2] [47,15,5] [18,16,2] [20,16,1] [8,17,6] [30,21,6] [11,22,6] [42,22,5] [7,23,2] [10,23,2] [40,26,3] [24,27,2] [31,27,1] [34,27,3] [35,27,4] [1,28,6] [27,28,2] [29,28,3] [19,29,2] [32,29,6] [28,30,3] [41,30,2] [13,31,1] [38,32,5] [44,34,4] [45,34,5] [48,34,3] [49,34,1] [16,35,1] [17,35,2] [12,36,2] [37,37,6] [3,38,4]
Coada 1:  [6,2,1]
Coada 2:  [9,2,3]
Coada 3:  [23,2,2]
Coada 4:  [25,3,4]
Coada 5:   goala!
************************************

4
*********************

Time: 4
Clienti in coada:
 [15,6,2] [33,6,4] [4,7,3] [0,8,2] [14,10,6] [39,11,3] [46,11,4] [5,14,3] [43,14,5] [21,15,3] [22,15,3] [36,15,2] [47,15,5] [18,16,2] [20,16,1] [8,17,6] [30,21,6] [11,22,6] [42,22,5] [7,23,2] [10,23,2] [40,26,3] [24,27,2] [31,27,1] [34,27,3] [35,27,4] [1,28,6] [27,28,2] [29,28,3] [19,29,2] [32,29,6] [28,30,3] [41,30,2] [13,31,1] [38,32,5] [44,34,4] [45,34,5] [48,34,3] [49,34,1] [16,35,1] [17,35,2] [12,36,2] [37,37,6] [3,38,4]
Coada 1:   goala!
Coada 2:  [9,2,2]
Coada 3:  [23,2,1]
Coada 4:  [25,3,3]
Coada 5:   goala!
************************************

3
*********************

Time: 5
Clienti in coada:
 [15,6,2] [33,6,4] [4,7,3] [0,8,2] [14,10,6] [39,11,3] [46,11,4] [5,14,3] [43,14,5] [21,15,3] [22,15,3] [36,15,2] [47,15,5] [18,16,2] [20,16,1] [8,17,6] [30,21,6] [11,22,6] [42,22,5] [7,23,2] [10,23,2] [40,26,3] [24,27,2] [31,27,1] [34,27,3] [35,27,4] [1,28,6] [27,28,2] [29,28,3] [19,29,2] [32,29,6] [28,30,3] [41,30,2] [13,31,1] [38,32,5] [44,34,4] [45,34,5] [48,34,3] [49,34,1] [16,35,1] [17,35,2] [12,36,2] [37,37,6] [3,38,4]
Coada 1:   goala!
Coada 2:  [9,2,1]
Coada 3:   goala!
Coada 4:  [25,3,2]
Coada 5:   goala!
************************************

4
*********************

Time: 6
Clienti in coada:
 [4,7,3] [0,8,2] [14,10,6] [39,11,3] [46,11,4] [5,14,3] [43,14,5] [21,15,3] [22,15,3] [36,15,2] [47,15,5] [18,16,2] [20,16,1] [8,17,6] [30,21,6] [11,22,6] [42,22,5] [7,23,2] [10,23,2] [40,26,3] [24,27,2] [31,27,1] [34,27,3] [35,27,4] [1,28,6] [27,28,2] [29,28,3] [19,29,2] [32,29,6] [28,30,3] [41,30,2] [13,31,1] [38,32,5] [44,34,4] [45,34,5] [48,34,3] [49,34,1] [16,35,1] [17,35,2] [12,36,2] [37,37,6] [3,38,4]
Coada 1:  [15,6,1]
Coada 2:   goala!
Coada 3:  [33,6,3]
Coada 4:  [25,3,1]
Coada 5:   goala!
************************************

4
*********************

Time: 7
Clienti in coada:
 [0,8,2] [14,10,6] [39,11,3] [46,11,4] [5,14,3] [43,14,5] [21,15,3] [22,15,3] [36,15,2] [47,15,5] [18,16,2] [20,16,1] [8,17,6] [30,21,6] [11,22,6] [42,22,5] [7,23,2] [10,23,2] [40,26,3] [24,27,2] [31,27,1] [34,27,3] [35,27,4] [1,28,6] [27,28,2] [29,28,3] [19,29,2] [32,29,6] [28,30,3] [41,30,2] [13,31,1] [38,32,5] [44,34,4] [45,34,5] [48,34,3] [49,34,1] [16,35,1] [17,35,2] [12,36,2] [37,37,6] [3,38,4]
Coada 1:   goala!
Coada 2:  [4,7,2]
Coada 3:  [33,6,2]
Coada 4:   goala!
Coada 5:   goala!
************************************

3
*********************

Time: 8
Clienti in coada:
 [14,10,6] [39,11,3] [46,11,4] [5,14,3] [43,14,5] [21,15,3] [22,15,3] [36,15,2] [47,15,5] [18,16,2] [20,16,1] [8,17,6] [30,21,6] [11,22,6] [42,22,5] [7,23,2] [10,23,2] [40,26,3] [24,27,2] [31,27,1] [34,27,3] [35,27,4] [1,28,6] [27,28,2] [29,28,3] [19,29,2] [32,29,6] [28,30,3] [41,30,2] [13,31,1] [38,32,5] [44,34,4] [45,34,5] [48,34,3] [49,34,1] [16,35,1] [17,35,2] [12,36,2] [37,37,6] [3,38,4]
Coada 1:  [0,8,1]
Coada 2:  [4,7,1]
Coada 3:  [33,6,1]
Coada 4:   goala!
Coada 5:   goala!
************************************

0
*********************

Time: 9
Clienti in coada:
 [14,10,6] [39,11,3] [46,11,4] [5,14,3] [43,14,5] [21,15,3] [22,15,3] [36,15,2] [47,15,5] [18,16,2] [20,16,1] [8,17,6] [30,21,6] [11,22,6] [42,22,5] [7,23,2] [10,23,2] [40,26,3] [24,27,2] [31,27,1] [34,27,3] [35,27,4] [1,28,6] [27,28,2] [29,28,3] [19,29,2] [32,29,6] [28,30,3] [41,30,2] [13,31,1] [38,32,5] [44,34,4] [45,34,5] [48,34,3] [49,34,1] [16,35,1] [17,35,2] [12,36,2] [37,37,6] [3,38,4]
Coada 1:   goala!
Coada 2:   goala!
Coada 3:   goala!
Coada 4:   goala!
Coada 5:   goala!
************************************

1
*********************

Time: 10
Clienti in coada:
 [39,11,3] [46,11,4] [5,14,3] [43,14,5] [21,15,3] [22,15,3] [36,15,2] [47,15,5] [18,16,2] [20,16,1] [8,17,6] [30,21,6] [11,22,6] [42,22,5] [7,23,2] [10,23,2] [40,26,3] [24,27,2] [31,27,1] [34,27,3] [35,27,4] [1,28,6] [27,28,2] [29,28,3] [19,29,2] [32,29,6] [28,30,3] [41,30,2] [13,31,1] [38,32,5] [44,34,4] [45,34,5] [48,34,3] [49,34,1] [16,35,1] [17,35,2] [12,36,2] [37,37,6] [3,38,4]
Coada 1:  [14,10,5]
Coada 2:   goala!
Coada 3:   goala!
Coada 4:   goala!
Coada 5:   goala!
************************************

3
*********************

Time: 11
Clienti in coada:
 [5,14,3] [43,14,5] [21,15,3] [22,15,3] [36,15,2] [47,15,5] [18,16,2] [20,16,1] [8,17,6] [30,21,6] [11,22,6] [42,22,5] [7,23,2] [10,23,2] [40,26,3] [24,27,2] [31,27,1] [34,27,3] [35,27,4] [1,28,6] [27,28,2] [29,28,3] [19,29,2] [32,29,6] [28,30,3] [41,30,2] [13,31,1] [38,32,5] [44,34,4] [45,34,5] [48,34,3] [49,34,1] [16,35,1] [17,35,2] [12,36,2] [37,37,6] [3,38,4]
Coada 1:  [14,10,4]
Coada 2:  [39,11,2]
Coada 3:  [46,11,3]
Coada 4:   goala!
Coada 5:   goala!
************************************

3
*********************

Time: 12
Clienti in coada:
 [5,14,3] [43,14,5] [21,15,3] [22,15,3] [36,15,2] [47,15,5] [18,16,2] [20,16,1] [8,17,6] [30,21,6] [11,22,6] [42,22,5] [7,23,2] [10,23,2] [40,26,3] [24,27,2] [31,27,1] [34,27,3] [35,27,4] [1,28,6] [27,28,2] [29,28,3] [19,29,2] [32,29,6] [28,30,3] [41,30,2] [13,31,1] [38,32,5] [44,34,4] [45,34,5] [48,34,3] [49,34,1] [16,35,1] [17,35,2] [12,36,2] [37,37,6] [3,38,4]
Coada 1:  [14,10,3]
Coada 2:  [39,11,1]
Coada 3:  [46,11,2]
Coada 4:   goala!
Coada 5:   goala!
************************************

3
*********************

Time: 13
Clienti in coada:
 [5,14,3] [43,14,5] [21,15,3] [22,15,3] [36,15,2] [47,15,5] [18,16,2] [20,16,1] [8,17,6] [30,21,6] [11,22,6] [42,22,5] [7,23,2] [10,23,2] [40,26,3] [24,27,2] [31,27,1] [34,27,3] [35,27,4] [1,28,6] [27,28,2] [29,28,3] [19,29,2] [32,29,6] [28,30,3] [41,30,2] [13,31,1] [38,32,5] [44,34,4] [45,34,5] [48,34,3] [49,34,1] [16,35,1] [17,35,2] [12,36,2] [37,37,6] [3,38,4]
Coada 1:  [14,10,2]
Coada 2:   goala!
Coada 3:  [46,11,1]
Coada 4:   goala!
Coada 5:   goala!
************************************

3
*********************

Time: 14
Clienti in coada:
 [21,15,3] [22,15,3] [36,15,2] [47,15,5] [18,16,2] [20,16,1] [8,17,6] [30,21,6] [11,22,6] [42,22,5] [7,23,2] [10,23,2] [40,26,3] [24,27,2] [31,27,1] [34,27,3] [35,27,4] [1,28,6] [27,28,2] [29,28,3] [19,29,2] [32,29,6] [28,30,3] [41,30,2] [13,31,1] [38,32,5] [44,34,4] [45,34,5] [48,34,3] [49,34,1] [16,35,1] [17,35,2] [12,36,2] [37,37,6] [3,38,4]
Coada 1:  [14,10,1]
Coada 2:  [5,14,2]
Coada 3:   goala!
Coada 4:  [43,14,4]
Coada 5:   goala!
************************************

7
*********************

Time: 15
Clienti in coada:
 [18,16,2] [20,16,1] [8,17,6] [30,21,6] [11,22,6] [42,22,5] [7,23,2] [10,23,2] [40,26,3] [24,27,2] [31,27,1] [34,27,3] [35,27,4] [1,28,6] [27,28,2] [29,28,3] [19,29,2] [32,29,6] [28,30,3] [41,30,2] [13,31,1] [38,32,5] [44,34,4] [45,34,5] [48,34,3] [49,34,1] [16,35,1] [17,35,2] [12,36,2] [37,37,6] [3,38,4]
Coada 1:  [36,15,2]
Coada 2:  [5,14,1] [47,15,5]
Coada 3:  [21,15,2]
Coada 4:  [43,14,3]
Coada 5:  [22,15,2]
************************************

7
*********************

Time: 16
Clienti in coada:
 [8,17,6] [30,21,6] [11,22,6] [42,22,5] [7,23,2] [10,23,2] [40,26,3] [24,27,2] [31,27,1] [34,27,3] [35,27,4] [1,28,6] [27,28,2] [29,28,3] [19,29,2] [32,29,6] [28,30,3] [41,30,2] [13,31,1] [38,32,5] [44,34,4] [45,34,5] [48,34,3] [49,34,1] [16,35,1] [17,35,2] [12,36,2] [37,37,6] [3,38,4]
Coada 1:  [36,15,1] [18,16,2]
Coada 2:  [47,15,5]
Coada 3:  [21,15,1] [20,16,1]
Coada 4:  [43,14,2]
Coada 5:  [22,15,1]
************************************

8
*********************

Time: 17
Clienti in coada:
 [30,21,6] [11,22,6] [42,22,5] [7,23,2] [10,23,2] [40,26,3] [24,27,2] [31,27,1] [34,27,3] [35,27,4] [1,28,6] [27,28,2] [29,28,3] [19,29,2] [32,29,6] [28,30,3] [41,30,2] [13,31,1] [38,32,5] [44,34,4] [45,34,5] [48,34,3] [49,34,1] [16,35,1] [17,35,2] [12,36,2] [37,37,6] [3,38,4]
Coada 1:  [18,16,2]
Coada 2:  [47,15,4]
Coada 3:  [20,16,1]
Coada 4:  [43,14,1]
Coada 5:  [8,17,6]
************************************

5
*********************

Time: 18
Clienti in coada:
 [30,21,6] [11,22,6] [42,22,5] [7,23,2] [10,23,2] [40,26,3] [24,27,2] [31,27,1] [34,27,3] [35,27,4] [1,28,6] [27,28,2] [29,28,3] [19,29,2] [32,29,6] [28,30,3] [41,30,2] [13,31,1] [38,32,5] [44,34,4] [45,34,5] [48,34,3] [49,34,1] [16,35,1] [17,35,2] [12,36,2] [37,37,6] [3,38,4]
Coada 1:  [18,16,1]
Coada 2:  [47,15,3]
Coada 3:   goala!
Coada 4:   goala!
Coada 5:  [8,17,5]
************************************

3
*********************

Time: 19
Clienti in coada:
 [30,21,6] [11,22,6] [42,22,5] [7,23,2] [10,23,2] [40,26,3] [24,27,2] [31,27,1] [34,27,3] [35,27,4] [1,28,6] [27,28,2] [29,28,3] [19,29,2] [32,29,6] [28,30,3] [41,30,2] [13,31,1] [38,32,5] [44,34,4] [45,34,5] [48,34,3] [49,34,1] [16,35,1] [17,35,2] [12,36,2] [37,37,6] [3,38,4]
Coada 1:   goala!
Coada 2:  [47,15,2]
Coada 3:   goala!
Coada 4:   goala!
Coada 5:  [8,17,4]
************************************

2
*********************

Time: 20
Clienti in coada:
 [30,21,6] [11,22,6] [42,22,5] [7,23,2] [10,23,2] [40,26,3] [24,27,2] [31,27,1] [34,27,3] [35,27,4] [1,28,6] [27,28,2] [29,28,3] [19,29,2] [32,29,6] [28,30,3] [41,30,2] [13,31,1] [38,32,5] [44,34,4] [45,34,5] [48,34,3] [49,34,1] [16,35,1] [17,35,2] [12,36,2] [37,37,6] [3,38,4]
Coada 1:   goala!
Coada 2:  [47,15,1]
Coada 3:   goala!
Coada 4:   goala!
Coada 5:  [8,17,3]
************************************

2
*********************

Time: 21
Clienti in coada:
 [11,22,6] [42,22,5] [7,23,2] [10,23,2] [40,26,3] [24,27,2] [31,27,1] [34,27,3] [35,27,4] [1,28,6] [27,28,2] [29,28,3] [19,29,2] [32,29,6] [28,30,3] [41,30,2] [13,31,1] [38,32,5] [44,34,4] [45,34,5] [48,34,3] [49,34,1] [16,35,1] [17,35,2] [12,36,2] [37,37,6] [3,38,4]
Coada 1:  [30,21,5]
Coada 2:   goala!
Coada 3:   goala!
Coada 4:   goala!
Coada 5:  [8,17,2]
************************************

4
*********************

Time: 22
Clienti in coada:
 [7,23,2] [10,23,2] [40,26,3] [24,27,2] [31,27,1] [34,27,3] [35,27,4] [1,28,6] [27,28,2] [29,28,3] [19,29,2] [32,29,6] [28,30,3] [41,30,2] [13,31,1] [38,32,5] [44,34,4] [45,34,5] [48,34,3] [49,34,1] [16,35,1] [17,35,2] [12,36,2] [37,37,6] [3,38,4]
Coada 1:  [30,21,4]
Coada 2:  [11,22,5]
Coada 3:  [42,22,4]
Coada 4:   goala!
Coada 5:  [8,17,1]
************************************

5
*********************

Time: 23
Clienti in coada:
 [40,26,3] [24,27,2] [31,27,1] [34,27,3] [35,27,4] [1,28,6] [27,28,2] [29,28,3] [19,29,2] [32,29,6] [28,30,3] [41,30,2] [13,31,1] [38,32,5] [44,34,4] [45,34,5] [48,34,3] [49,34,1] [16,35,1] [17,35,2] [12,36,2] [37,37,6] [3,38,4]
Coada 1:  [30,21,3]
Coada 2:  [11,22,4]
Coada 3:  [42,22,3]
Coada 4:  [7,23,1]
Coada 5:  [10,23,2]
************************************

4
*********************

Time: 24
Clienti in coada:
 [40,26,3] [24,27,2] [31,27,1] [34,27,3] [35,27,4] [1,28,6] [27,28,2] [29,28,3] [19,29,2] [32,29,6] [28,30,3] [41,30,2] [13,31,1] [38,32,5] [44,34,4] [45,34,5] [48,34,3] [49,34,1] [16,35,1] [17,35,2] [12,36,2] [37,37,6] [3,38,4]
Coada 1:  [30,21,2]
Coada 2:  [11,22,3]
Coada 3:  [42,22,2]
Coada 4:   goala!
Coada 5:  [10,23,1]
************************************

4
*********************

Time: 25
Clienti in coada:
 [40,26,3] [24,27,2] [31,27,1] [34,27,3] [35,27,4] [1,28,6] [27,28,2] [29,28,3] [19,29,2] [32,29,6] [28,30,3] [41,30,2] [13,31,1] [38,32,5] [44,34,4] [45,34,5] [48,34,3] [49,34,1] [16,35,1] [17,35,2] [12,36,2] [37,37,6] [3,38,4]
Coada 1:  [30,21,1]
Coada 2:  [11,22,2]
Coada 3:  [42,22,1]
Coada 4:   goala!
Coada 5:   goala!
************************************

3
*********************

Time: 26
Clienti in coada:
 [24,27,2] [31,27,1] [34,27,3] [35,27,4] [1,28,6] [27,28,2] [29,28,3] [19,29,2] [32,29,6] [28,30,3] [41,30,2] [13,31,1] [38,32,5] [44,34,4] [45,34,5] [48,34,3] [49,34,1] [16,35,1] [17,35,2] [12,36,2] [37,37,6] [3,38,4]
Coada 1:   goala!
Coada 2:  [11,22,1]
Coada 3:   goala!
Coada 4:  [40,26,2]
Coada 5:   goala!
************************************

6
*********************

Time: 27
Clienti in coada:
 [1,28,6] [27,28,2] [29,28,3] [19,29,2] [32,29,6] [28,30,3] [41,30,2] [13,31,1] [38,32,5] [44,34,4] [45,34,5] [48,34,3] [49,34,1] [16,35,1] [17,35,2] [12,36,2] [37,37,6] [3,38,4]
Coada 1:  [24,27,1]
Coada 2:  [35,27,4]
Coada 3:   goala!
Coada 4:  [40,26,1]
Coada 5:  [34,27,2]
************************************

7
*********************

Time: 28
Clienti in coada:
 [19,29,2] [32,29,6] [28,30,3] [41,30,2] [13,31,1] [38,32,5] [44,34,4] [45,34,5] [48,34,3] [49,34,1] [16,35,1] [17,35,2] [12,36,2] [37,37,6] [3,38,4]
Coada 1:  [27,28,2]
Coada 2:  [35,27,3]
Coada 3:  [1,28,5]
Coada 4:  [29,28,3]
Coada 5:  [34,27,1]
************************************

6
*********************

Time: 29
Clienti in coada:
 [28,30,3] [41,30,2] [13,31,1] [38,32,5] [44,34,4] [45,34,5] [48,34,3] [49,34,1] [16,35,1] [17,35,2] [12,36,2] [37,37,6] [3,38,4]
Coada 1:  [27,28,1] [32,29,6]
Coada 2:  [35,27,2]
Coada 3:  [1,28,4]
Coada 4:  [29,28,2]
Coada 5:  [19,29,2]
************************************

7
*********************

Time: 30
Clienti in coada:
 [13,31,1] [38,32,5] [44,34,4] [45,34,5] [48,34,3] [49,34,1] [16,35,1] [17,35,2] [12,36,2] [37,37,6] [3,38,4]
Coada 1:  [32,29,6]
Coada 2:  [35,27,1] [28,30,3]
Coada 3:  [1,28,3]
Coada 4:  [29,28,1] [41,30,2]
Coada 5:  [19,29,1]
************************************

5
*********************

Time: 31
Clienti in coada:
 [38,32,5] [44,34,4] [45,34,5] [48,34,3] [49,34,1] [16,35,1] [17,35,2] [12,36,2] [37,37,6] [3,38,4]
Coada 1:  [32,29,5]
Coada 2:  [28,30,3]
Coada 3:  [1,28,2]
Coada 4:  [41,30,2]
Coada 5:  [13,31,1]
************************************

5
*********************

Time: 32
Clienti in coada:
 [44,34,4] [45,34,5] [48,34,3] [49,34,1] [16,35,1] [17,35,2] [12,36,2] [37,37,6] [3,38,4]
Coada 1:  [32,29,4]
Coada 2:  [28,30,2]
Coada 3:  [1,28,1]
Coada 4:  [41,30,1]
Coada 5:  [38,32,5]
************************************

3
*********************

Time: 33
Clienti in coada:
 [44,34,4] [45,34,5] [48,34,3] [49,34,1] [16,35,1] [17,35,2] [12,36,2] [37,37,6] [3,38,4]
Coada 1:  [32,29,3]
Coada 2:  [28,30,1]
Coada 3:   goala!
Coada 4:   goala!
Coada 5:  [38,32,4]
************************************

6
*********************

Time: 34
Clienti in coada:
 [16,35,1] [17,35,2] [12,36,2] [37,37,6] [3,38,4]
Coada 1:  [32,29,2] [49,34,1]
Coada 2:  [48,34,3]
Coada 3:  [44,34,3]
Coada 4:  [45,34,4]
Coada 5:  [38,32,3]
************************************

8
*********************

Time: 35
Clienti in coada:
 [12,36,2] [37,37,6] [3,38,4]
Coada 1:  [32,29,1] [49,34,1] [16,35,1]
Coada 2:  [48,34,2] [17,35,2]
Coada 3:  [44,34,2]
Coada 4:  [45,34,3]
Coada 5:  [38,32,2]
************************************

8
*********************

Time: 36
Clienti in coada:
 [37,37,6] [3,38,4]
Coada 1:  [49,34,1] [16,35,1]
Coada 2:  [48,34,1] [17,35,2]
Coada 3:  [44,34,1] [12,36,2]
Coada 4:  [45,34,2]
Coada 5:  [38,32,1]
************************************

5
*********************

Time: 37
Clienti in coada:
 [3,38,4]
Coada 1:  [16,35,1]
Coada 2:  [17,35,2]
Coada 3:  [12,36,2]
Coada 4:  [45,34,1]
Coada 5:  [37,37,6]
************************************

4
*********************

Time: 38
Clienti in coada:

Coada 1:  [3,38,4]
Coada 2:  [17,35,1]
Coada 3:  [12,36,1]
Coada 4:   goala!
Coada 5:  [37,37,5]
************************************

2
*********************

Time: 39
Clienti in coada:

Coada 1:  [3,38,3]
Coada 2:   goala!
Coada 3:   goala!
Coada 4:   goala!
Coada 5:  [37,37,4]
************************************

2
*********************

Time: 40
Clienti in coada:

Coada 1:  [3,38,2]
Coada 2:   goala!
Coada 3:   goala!
Coada 4:   goala!
Coada 5:  [37,37,3]
************************************

2
*********************

Time: 41
Clienti in coada:

Coada 1:  [3,38,1]
Coada 2:   goala!
Coada 3:   goala!
Coada 4:   goala!
Coada 5:  [37,37,2]
************************************

1
*********************

Time: 42
Clienti in coada:

Coada 1:   goala!
Coada 2:   goala!
Coada 3:   goala!
Coada 4:   goala!
Coada 5:  [37,37,1]
************************************

0
*********************

Time: 43
Clienti in coada:

Coada 1:   goala!
Coada 2:   goala!
Coada 3:   goala!
Coada 4:   goala!
Coada 5:   goala!
************************************

Timp de asteptare mediu 3.3
Timp de servire mediu 33.0
